144552912,9.3498486,56.7408757,17.0527715677876
144552912,9.3501884,56.7406785,17.614840244389
144552912,9.3505485,56.7405445,18.08353563951
144552912,9.3508058,56.7404845,18.2794652530352
144552912,9.3510534,56.7404863,18.4229736146099
144552912,9.3514747,56.7405022,19.1248885940143
144552912,9.3521273,56.7405585,19.5905926656897
144552912,9.3524201,56.7405974,19.6217636955693
144552912,9.3525839,56.740629,19.6599309194984
144552912,9.3527255,56.7406626,19.4906695590218
144552912,9.3530759,56.7408002,19.2302682047961
144552912,9.353404,56.7409042,18.2332801889404
144552912,9.3537287,56.7409995,17.6008423536018
144552912,9.354179,56.7410594,17.6443793914607
144552912,9.354581,56.7411511,18.3974824566501
144552912,9.3547868,56.7412058,18.8645551315113
144552912,9.3551147,56.7412693,18.2477297711073
144552912,9.3553365,56.7412905,18.0201293139063
144552912,9.355581,56.7412975,18.322544090848
42991631,8.5856624,57.0106364,32.0776406065856
42991631,8.5851822,57.0099725,28.7124475240045
42991631,8.5834239,57.0089128,24.6677705239323
42991631,8.5831331,57.0085517,21.8182258426915
42991631,8.5825621,57.0078424,17.1420810538272
42991631,8.5825197,57.0077898,17.0386143661186
42991631,8.5818832,57.0069995,14.2774772802595
42991631,8.5812759,57.0062707,14.0725075106701
42991632,8.5617847,57.0231006,22.4186816034265
42991632,8.5610765,57.0227781,20.5446704937569
42991632,8.560503,57.0228637,23.5659512030544
42991632,8.5595327,57.0230085,23.0573080298429
42991634,8.5052981,57.0427326,9.32131212369931
42991635,8.5053563,57.045265,7.94532185752113
42991635,8.5038165,57.0452699,6.83530187642383
42991636,8.5038165,57.0452699,7.03679520220392
42991637,8.5058627,57.0443316,8.86855661728298
42991637,8.5064511,57.0444156,8.64494033735751
42991637,8.5066534,57.0444345,8.67728146077494
42991637,8.5069191,57.0444476,8.85557095466886
42991637,8.5070322,57.0444408,8.64129891212652
42991637,8.5071685,57.0444222,8.86674502574767
42991637,8.5073621,57.0443894,8.87524493140629
42991637,8.5075176,57.0443477,8.86100979268057
42991637,8.5076101,57.0443768,8.83660225606989
42991637,8.5076473,57.0444173,9.02774983708842
42991637,8.5076518,57.0445107,8.83686338244635
42991638,8.5075176,57.0443477,8.94035654760952
42991638,8.5075775,57.0443127,8.86600806296797
42991638,8.5076333,57.0442689,8.95472907976584
42991638,8.507658,57.044215,9.10137619707346
42991638,8.5076612,57.0441594,9.1781947041122
42991638,8.5077825,57.0434855,9.62741329903697
42991638,8.5078162,57.0434553,9.43527861619816
42991641,8.5109209,57.0415404,11.4414194108302
42991642,8.5105537,57.0412931,11.2311566644115
42991643,8.5104987,57.0407147,11.5900024653866
42991643,8.5108529,57.0405045,11.2561389202042
42991644,8.5090345,57.0402727,11.3928529097858
42991644,8.5093407,57.0400268,11.8330903850766
42991644,8.5103032,57.0398273,11.2935744515487
42991644,8.5120992,57.0395103,12.1752508454484
42991644,8.5135412,57.0392283,12.1144188343058
42991644,8.5138592,57.0391655,12.0654010333057
42991644,8.5147731,57.0389894,12.7455323302231
42991645,8.5138592,57.0391655,12.4027383684211
42991646,8.5135412,57.0392283,12.4766383272515
42991646,8.5135308,57.039077,12.1452797789523
42991646,8.5133852,57.0388947,12.1555610604351
42991646,8.5128028,57.0385506,12.1286080894312
42991646,8.5126942,57.038338,12.0164841975647
42991646,8.5125974,57.0381735,12.4015926905886
125829151,9.9801245,56.6303015,54.080619689832
125829151,9.982581,56.6305181,52.5221259904219
125829151,9.9867007,56.6312617,52.847693791381
125829151,9.9930909,56.6332391,61.9381590637599
125829151,9.9934128,56.6333452,61.8685866219461
125829151,9.9953483,56.633563,66.8115309840631
125829151,9.9959662,56.6336758,68.4189999980709
125829151,9.9971721,56.6339171,72.3720785022629
125829151,9.9977471,56.6340534,74.5812344659107
125829151,9.9987815,56.6342829,78.5261752695317
125829151,9.999189,56.6342829,79.2131994929242
125829151,9.99979,56.6342356,80.2769978237663
125829151,10.0000475,56.6340941,81.2659405393379
125829152,9.9928806,56.634814,79.1207965616621
125829152,9.9931595,56.6347078,78.8042366565701
125829152,9.9933096,56.6345307,78.1653204943944
125829152,9.9938677,56.6341767,74.8966758748529
125829152,9.9945973,56.6338817,71.109130006728
125829152,9.9952796,56.6336639,67.818999738671
42991649,8.5040581,57.0349732,13.7481809380079
42991649,8.504651,57.0347101,14.9806252121265
42991649,8.5050406,57.034391,14.3284111650142
42991649,8.505441,57.0341125,13.7831933749267
42991649,8.5058769,57.0340657,14.0476118398403
42991649,8.506144,57.0341627,14.3057885651584
42991650,8.5047652,57.0361494,13.4757089525423
42991650,8.5054694,57.0358438,12.4306091469963
42991650,8.506267,57.035632,12.5430525958887
42991650,8.5059781,57.0352725,13.2018671640358
42991651,8.506267,57.035632,12.5309120168349
42991651,8.507655,57.0353607,12.8027541195721
42991651,8.5078432,57.035027,13.0867594740065
42991652,8.507655,57.0353607,12.6226585064282
42991652,8.5079715,57.0354688,12.5902767994338
42991653,8.5095782,57.0384223,12.2677568225311
42991654,8.5034799,57.034004,14.0036109750103
42991654,8.5031724,57.0340392,13.8103425416741
42991654,8.5022901,57.0342288,13.310683636033
42991655,8.5031724,57.0340392,14.0166415938445
42991656,8.5001263,57.0330286,13.9253334372888
42991656,8.4964619,57.0337013,13.3239492744799
42991656,8.4956918,57.0338587,13.2413417885443
42991656,8.4937439,57.0346384,12.7305861857413
42991656,8.4928182,57.0349844,12.3336302413889
42991656,8.4924457,57.0350524,12.6257229409692
42991658,8.493561,57.0383121,10.1410884171822
42991658,8.4945638,57.038257,11.0700446875012
42991658,8.4950533,57.0382219,10.9986611668557
42991658,8.4951614,57.0385264,10.3460550021104
42991658,8.4952613,57.0387225,9.79134330973811
42991658,8.4955789,57.0387604,10.377268758194
42991659,8.4950533,57.0382219,10.9176146572172
42991659,8.4951316,57.0377045,10.2624131433935
42991660,8.4934561,57.0388635,9.85416381460668
42991660,8.4932023,57.0388068,9.75568551668508
42991661,8.4915196,57.0348166,12.5528230854277
42991661,8.4891618,57.0355816,11.9487618900412
42991661,8.4888485,57.0356551,11.9198959988354
42991661,8.4882028,57.0357096,11.4369308292947
42991661,8.4868158,57.0359197,10.8513177063257
42991661,8.4860267,57.0360844,10.9241179690103
42991661,8.4855818,57.036193,10.9290916974879
42991661,8.4842823,57.0365102,10.5794827926268
42991662,8.4868158,57.0359197,10.9804839597098
42991663,8.5130168,57.0380911,11.9131257975739
42991663,8.5121478,57.0371778,11.6693599609432
42991664,8.4945638,57.038257,11.1484325552745
42991665,8.4936964,57.0374783,10.8913872725008
42991665,8.4935132,57.0374882,10.6151410783733
42991665,8.491621,57.0379374,10.0415985673973
42991665,8.4900758,57.0383087,10.0668588823633
42991665,8.4885555,57.0387995,9.50747262613433
42991665,8.4884066,57.0389429,9.12478905749006
42991665,8.4885659,57.0393508,9.16480987379186
42991665,8.4884962,57.0394419,8.83467966620997
42991665,8.4881143,57.0395223,8.98802603081544
143305401,9.502717,56.614923,33.7560841803084
91226220,9.8600316,57.0699237,0.988898454662556
91226223,9.8592863,57.0697554,1.08612854975372
91226223,9.8592865,57.0694573,1.0306008065686
91226229,9.8733289,57.0626141,2.01997528472502
125829144,9.9849413,56.6287241,59.5061788499828
125829146,10.002794,56.6391678,69.4737885818565
125829146,10.001571,56.6408315,78.0233843371287
125829146,10.0011632,56.6410793,80.0238807276123
125829146,10.00097,56.6412209,81.8017434349731
125829146,10.0006912,56.6414215,82.3932979900757
125829146,10.0005366,56.6414993,83.0672898616455
125829146,10.0002834,56.6414569,83.0199165733473
125829146,10.0000904,56.6415277,82.6585560620529
125829146,9.9997471,56.642153,82.9425663620763
125829146,9.9995969,56.6422592,82.939731025911
125829146,9.9993778,56.6422309,82.0708638076963
125829146,9.9971463,56.6415701,72.3545998326309
125829146,9.9967001,56.6411973,71.7429933964805
125829146,9.9964641,56.6411383,70.250152454372
125829146,9.9888895,56.6423181,55.9104831013752
125829146,9.9879453,56.6421766,51.4373202592634
125829148,10.0014851,56.6341059,83.5344075426423
125829148,10.0014208,56.6366785,76.0152756515501
125829148,10.0015925,56.6369145,75.2648335602078
125829148,10.0019142,56.6373512,71.556921301853
125829148,10.0019572,56.63754,70.3631289215908
125829148,10.0020216,56.6377406,70.0747542216719
125829148,10.0025794,56.6389907,69.7473007879611
125829148,10.002794,56.6391678,69.7479944300179
125829148,10.0032661,56.6392976,69.8528505321995
125829148,10.0058839,56.6400173,69.421843833295
125829148,10.0074289,56.6404421,67.5618550786609
125829148,10.008652,56.6409023,64.1929431025322
125829148,10.0090596,56.6411973,62.8063145225209
125829148,10.0092314,56.6413742,61.7563586765205
42991648,8.5035903,57.034136,13.742658272476
125829153,10.0003907,56.6305417,69.2864099888172
125829153,9.9999143,56.6317521,68.7536768711645
125829153,10.0002406,56.632135,74.3974354889942
125829153,10.0002406,56.6323711,76.9257833781066
125829153,10.0000861,56.633416,79.9943750118621
146800929,10.0677356,56.8033692,50.5388948026013
146800929,10.067993,56.8033868,51.1315366883248
146800929,10.0681969,56.8034103,51.7590201100235
146800929,10.0683996,56.8034556,52.1129719916558
146800929,10.0685187,56.8035807,51.4125772783451
146800929,10.0685928,56.8036788,50.4980238677839
146800929,10.0686249,56.8037728,49.7532776358749
146800929,10.0685401,56.8039214,49.3598234382326
146800929,10.0684329,56.8040565,48.938900588088
146800929,10.068421,56.8041311,49.1431000142084
146800929,10.068539,56.8042074,48.9949787029171
146800929,10.0687333,56.8042914,48.8055200087678
146800929,10.0689588,56.8043089,48.4620490360604
146800929,10.0692217,56.804353,48.576781416882
146800929,10.0696508,56.8044381,48.7503325374185
146800929,10.07008,56.8045351,49.5867264288016
146800929,10.0706219,56.8046555,48.5070856031393
146800929,10.0709853,56.8047449,46.4518964788551
146800929,10.0712535,56.8048066,45.5229931126494
146800929,10.0714211,56.8048523,44.6284824086272
146800930,10.0884102,56.8043354,32.860329889544
146800930,10.0881367,56.8043265,33.045246642646
146800930,10.0878578,56.8042795,32.9661201842916
146800930,10.0877129,56.8042678,32.6660383871508
146800930,10.0876109,56.804306,32.8606112313399
146800930,10.0867793,56.805005,33.876582525569
146800930,10.0861249,56.8055424,32.3242785218868
146800931,10.0781801,56.8034219,32.6417249321092
121635376,9.5685446,57.0522153,1.94681426140926
121635376,9.5693017,57.05361,2.24977425104904
121635378,9.5679435,57.0536799,2.55220164629219
149946971,9.4459406,56.6202037,16.8268544424296
149946971,9.446005,56.6200946,15.966832977054
149946971,9.4461132,56.6200191,15.1525669862058
149946971,9.4462142,56.6199618,14.9147257410186
149946971,9.4463062,56.6198805,14.4706975607193
149946971,9.4463161,56.6198231,14.2025382069608
149946971,9.4463216,56.619764,14.2879389777311
149946971,9.4462634,56.6196739,13.7399328648022
149946972,9.4421319,56.6170456,29.1376175363954
149946972,9.4419442,56.6179695,28.795032864889
149946972,9.441886,56.6182689,28.083898042633
149946972,9.4418209,56.618368,27.7767457787946
149946972,9.4416707,56.6184329,27.5901868077958
149946972,9.4413433,56.6185184,26.590960161131
149946972,9.4393218,56.6190541,18.1133916427823
149946972,9.4379377,56.6194466,11.1461552393538
149946972,9.437675,56.6195351,10.1325044197553
149946972,9.4376365,56.6195781,10.1768326405512
90178161,9.9780988,57.0303709,33.2269434773752
90178161,9.9776683,57.0303905,32.9154501215793
90178161,9.977128,57.0304105,33.3071836865923
90178161,9.9770036,57.0304165,33.3134051528242
90178161,9.9768982,57.0304215,33.0839940904129
90178161,9.975305,57.0304977,34.5270268544556
90178161,9.9744942,57.0305612,34.8660398742154
90178161,9.973836,57.0306556,35.5114132613731
90178161,9.9732702,57.0307863,35.8422924360987
90178162,9.9793703,57.0301985,34.1835929907567
90178162,9.9795632,57.0301891,34.2440807341461
90178162,9.9812198,57.0301097,35.9751807874488
90178162,9.9872421,57.0298284,41.0768877986684
90178162,9.9881274,57.0297892,40.7721159287079
90178162,9.9893175,57.0297452,40.8759416016453
90178162,9.9894907,57.0297329,40.8195567897964
90178162,9.9902474,57.0296839,40.7613850495946
90178162,9.9916817,57.0295407,39.708217472815
90178162,9.9925348,57.0294118,38.6516145948395
90178162,9.9932084,57.0293025,37.5225139234202
90178162,9.9943455,57.0290611,34.4554790693437
90178162,9.9951495,57.0288719,31.7656436932404
90178162,9.9959852,57.0286286,28.7836513467624
90178162,9.996861,57.0283436,25.6309174280891
90178162,9.9973383,57.0281685,23.7569543879148
90178162,9.9991384,57.0275088,17.7029630416438
90178162,10.0029041,57.0261591,8.7416737925588
90178162,10.0042653,57.0256654,7.04709759341325
90178162,10.0071281,57.0246463,5.02715183325475
90178163,9.9543467,57.0338543,22.229029531501
90178163,9.9542176,57.0338378,22.0939609447429
121635489,9.59544,57.0861845,1.77181905757969
121635489,9.5928221,57.0851818,2.20144334431705
121635489,9.5910626,57.0842022,2.31350761757389
121809718,10.2381461,57.2836706,36.6432944453593
121809718,10.2382666,57.2825106,36.7541783461481
121809718,10.2385707,57.2818859,35.2768472310221
121809718,10.2391385,57.2808065,36.2586568374299
153092945,10.2252264,57.5103628,24.8395951101663
153092945,10.2246588,57.5089472,26.5862672706894
153092945,10.2243614,57.508243,27.2151371716766
153092947,10.1645493,57.5223522,23.2196329326917
153092947,10.1642051,57.5232502,23.3708698015405
153092947,10.1640715,57.5236813,22.1517548094891
153092947,10.1639376,57.5241277,21.4304772545235
153092947,10.1640333,57.5244818,21.2950436740474
153092947,10.1641862,57.5250103,21.1335659086989
153092947,10.1644059,57.5252463,21.2407545090431
153092947,10.1646257,57.5253798,21.1658305190192
153092947,10.1648742,57.5255747,21.0859175969598
153092947,10.1649794,57.5258416,21.4418026010395
153092947,10.1651416,57.5261648,21.4625989006383
153092947,10.1653234,57.5264163,21.9034678591726
153092947,10.165266,57.526524,22.344367939489
153092947,10.1651416,57.5265599,22.5915669779228
153092947,10.1648359,57.5265599,22.7838275459408
153092947,10.1642434,57.5264778,22.6644259408333
153092956,10.1692108,57.5170876,26.6640778846737
153092956,10.1666562,57.5167911,26.3115323910472
153092956,10.1667589,57.5166326,26.227451734205
153092956,10.1673366,57.5161361,26.0735550821774
153092956,10.1678886,57.5158121,26.2005623725177
153092956,10.1689797,57.5152605,26.7186286887164
153092956,10.1693905,57.5150399,27.0142771764707
153092956,10.1695701,57.5148675,27.0359389768157
153092956,10.1695575,57.5145917,26.7234918857869
153092959,10.1848471,57.5264801,16.4970730497548
153092960,10.1773496,57.5201786,23.1168869039329
153092960,10.1780639,57.5202144,23.1532858269383
153092962,10.1856244,57.5252218,21.6459603545444
153092962,10.1857515,57.5251974,21.3187085635936
153092963,10.1811448,57.5228426,21.7272006035455
153092963,10.1811577,57.5226841,21.6329630247091
153092963,10.1812475,57.5226082,21.5224582916362
153092963,10.1814144,57.5225669,21.6158988971368
153092971,10.2350543,57.5386777,21.5509744388651
153092977,10.2120614,57.529786,22.4965030987384
153092977,10.2108181,57.5297171,21.5607390901898
153092979,10.2271341,57.5467577,19.8628443934064
153092980,10.2231404,57.5465945,19.3250776331415
153092980,10.2233566,57.5479071,18.4887253538858
121809726,10.2150774,57.2935475,57.871256709596
121809726,10.2162534,57.2935809,59.8652208966758
121809726,10.2193322,57.2936683,63.5300193597293
121809726,10.2210616,57.2941444,67.2244236018853
121809726,10.2225382,57.2940717,68.6061723734163
121809726,10.2232276,57.2941195,68.9309506188189
121809726,10.2238959,57.2942008,70.3713924170251
121809726,10.2241704,57.2943654,70.8594437323356
121809726,10.2245566,57.2945057,69.6090920261966
121809726,10.2252272,57.2947022,65.8373975769359
121809726,10.2259278,57.2948697,62.7362893863238
121809726,10.226599,57.2948787,61.1007437334588
121809726,10.2266875,57.2950342,61.1239707712627
121809726,10.2268675,57.2953502,60.5942916679573
121809726,10.2283105,57.2961933,55.8072231062438
121809726,10.2286125,57.2965741,55.2707712647125
121809726,10.2286797,57.296973,56.5105209632336
121809726,10.2278407,57.2987226,65.2904284268916
121809726,10.227891,57.299176,67.5457869716856
153092984,10.1562097,57.5174955,25.6615381338208
153092984,10.1557013,57.5175394,25.6737526822133
153092985,10.2300888,57.541301,21.0501190666431
153092985,10.2302733,57.5409971,20.1266124036669
153092985,10.2302601,57.540891,19.8706951640978
153092985,10.2301548,57.5407355,19.2329745964036
153092985,10.2299176,57.5405093,18.6381806439172
153092985,10.2295752,57.5402618,18.3207614638223
153092985,10.2292195,57.5400427,19.1845430790452
153092985,10.2288507,57.5398377,20.2829553512316
153092985,10.2286927,57.5396963,20.6269122626161
153092985,10.2286267,57.5394559,21.2144226288535
153092985,10.228561,57.5391872,21.1313333051348
153092985,10.2286135,57.5388479,21.0055062309938
121809727,10.2763053,57.309861,45.353203238344
121809727,10.2762039,57.3095667,46.3477978207885
121809727,10.2760518,57.309334,46.4137451254222
121809727,10.2755575,57.3092039,45.99826054849
121809727,10.2751648,57.3091286,45.988116230152
121809727,10.2747593,57.308937,45.5207695335326
121809727,10.2744678,57.3087248,44.084650531192
121809727,10.2742016,57.3084853,42.14990965416
121809727,10.2738215,57.3082731,40.505685623491
121809727,10.271984,57.307705,36.4529589298882
121809727,10.2717939,57.3075407,36.0690235411943
121809727,10.2716419,57.3069658,35.7048752438276
121809727,10.2716547,57.3064593,36.9142220464825
121809727,10.2720094,57.3055558,36.4390197309734
121809727,10.2719588,57.3053847,37.3021948132113
121809727,10.2716799,57.3052751,36.228868408322
121809727,10.2710718,57.3050972,34.555320945075
121809727,10.2709449,57.3049808,33.5545992067846
121809727,10.2709577,57.3048576,32.90692318568
121809727,10.2713504,57.3043648,31.0097732339663
121809727,10.2713504,57.3042552,30.6974897564231
121809727,10.2711984,57.3041663,29.5797272275296
121809727,10.2691835,57.3038787,20.7865314828961
121809727,10.2690569,57.3038035,19.9118123552082
121809727,10.2691328,57.3035364,18.5585375289081
121809727,10.2693103,57.3033654,18.3861077752977
121809727,10.2697159,57.3032695,19.5974626209414
121809727,10.2699439,57.3030642,19.3072693045174
145752958,9.7291404,56.9949283,31.5305659666151
145752958,9.7272534,56.994777,30.6107751696364
145752958,9.7253545,56.9946952,27.6121318878975
145752958,9.7235545,56.9946069,26.0276734250818
145752958,9.7232731,56.9946367,25.8117649507859
145752958,9.7231147,56.9946771,25.5149801536729
145752958,9.722396,56.9946303,22.8932103661524
145752958,9.7219131,56.9946185,22.7300631338095
145752958,9.7212265,56.9946128,21.6397017357885
145752960,9.7233893,57.0090004,6.68437954454475
145752960,9.7196387,57.0087063,6.69605094165288
145752960,9.717804,57.0085778,8.51474807067781
145752960,9.7168492,57.0084902,8.99210435747588
145752960,9.7167391,57.0087653,8.23125799809926
145752960,9.7163421,57.009367,7.05069032982213
145752961,9.6732155,57.0067667,1.99615577056792
145752961,9.6724965,57.0059662,1.72522945245076
145752961,9.6717563,57.0052886,1.49450219807014
145752961,9.6714559,57.0050315,1.55380616553477
145752961,9.6714131,57.0049264,1.57138957038406
145752961,9.6713701,57.0048387,1.64997579270956
145752961,9.6714238,57.0041493,1.95751707926092
145752961,9.6714559,57.0039857,2.2505055800329
145752961,9.6715633,57.0038688,2.27180714247956
145752961,9.6717456,57.0037812,2.02641051640989
145752961,9.6741704,57.0029048,1.99361115764086
145752961,9.6743634,57.0028639,2.20344894596519
145752961,9.6772602,57.002227,2.83726895019618
153092995,10.2067775,57.5398684,18.4940184070865
153092995,10.2066516,57.5396785,18.5942242927013
153092997,10.2075862,57.5217021,21.3713977378454
145752966,9.7196815,57.0031093,18.6829686776714
145752966,9.7153041,57.0027938,26.8547187655355
153092999,10.2103786,57.5215005,24.9456168739245
145752968,9.7124504,57.0067841,15.9008968541521
145752968,9.7120399,57.0074333,13.0034589189784
145752968,9.7114714,57.0082687,8.53672255579503
145752969,9.6770349,57.020721,2.24842512878273
153093003,10.1844401,57.5084343,28.3447874040302
153093003,10.1842446,57.5084593,28.442390746136
153093003,10.182661,57.5084893,28.1890777141664
153093003,10.181824,57.5085091,28.5422036193152
153093003,10.1815137,57.5085268,28.4721740011043
153093003,10.1810387,57.5085519,28.2906108365612
153093003,10.180652,57.5086044,27.8199759130575
145752973,9.6738914,57.0141214,1.51036365302126
145752973,9.6737733,57.0135724,1.24016915427998
145752973,9.6738056,57.0134497,1.68687025313437
145752973,9.6738881,57.013386,1.55852279456904
145752973,9.6741778,57.0133393,1.25266590656203
145752973,9.6767421,57.0129421,1.76328452558061
145752973,9.681326,57.0122289,2.50801035920731
145752974,9.6826026,57.033818,1.63290885720458
145752974,9.6826886,57.0335495,2.1017776725795
145752974,9.6827422,57.0333743,1.89806276306022
145752974,9.6829568,57.0332225,2.04886934160758
145752974,9.6831579,57.0331592,2.02221291785471
145752974,9.6841234,57.0319098,2.30275041582091
145752974,9.6854002,57.0302225,3.07602243763023
145752974,9.6854753,57.0300824,3.87231303197673
145752974,9.6853921,57.0299706,4.56012750528584
145752974,9.6846411,57.0295969,4.41125238969738
145752974,9.6837185,57.0292641,4.61605044125297
145752974,9.6831713,57.029124,4.67900178562848
145752974,9.682946,57.0289955,5.85366879576065
145752974,9.683072,57.0288853,6.71589454341001
104158701,9.2697465,56.857276,19.6580991653799
104158701,9.2695587,56.8570179,19.9432767225229
104158701,9.2694151,56.8568306,19.6966259011232
145752979,9.6846564,57.0118535,3.27615646784282
145752979,9.6883078,57.0112597,3.75475799775147
145752979,9.6914914,57.0107334,3.65064928192467
145752979,9.6918134,57.010675,3.87556858970166
145752979,9.6919583,57.0106224,3.99064331055085
145752979,9.693943,57.0096118,3.83854827772473
145752979,9.6956758,57.0087472,4.35482341585027
145752979,9.6971374,57.008,4.12637198571274
145752979,9.6990071,57.0070851,4.65732506136341
145752979,9.6995112,57.0070063,4.91446596016094
145752979,9.6998923,57.0069331,5.37523547150399
145752979,9.7000853,57.0068105,6.31338457849857
145752979,9.7002516,57.0066411,6.21091699537585
145752979,9.7004448,57.006387,6.19444498057784
145752979,9.7005574,57.0062468,6.41327851456571
146801585,10.0850361,56.8073163,33.3647651038809
146801585,10.0851258,56.8071062,32.5217949844203
146801585,10.0854101,56.8065717,30.5693648147621
146801585,10.0855819,56.8062427,30.3564511484139
146801586,10.0859801,56.8071871,31.8105976611896
146801586,10.0860539,56.8070269,31.2511924764838
146801587,10.0792852,56.7979086,30.5825561093369
146801587,10.0789793,56.7977131,30.3406514141535
146801587,10.0788991,56.7976619,30.6108659261028
146801587,10.0785612,56.797418,30.2205378199854
146801587,10.0783681,56.7972741,30.0152966508936
146801587,10.0782125,56.7971478,30.0539897376657
146801587,10.0781213,56.7970419,30.1551796363312
146801587,10.0780836,56.7969157,30.2265519013244
146801587,10.0781051,56.7968011,29.2896144652217
146801587,10.0782125,56.7966366,28.4493367478067
146801587,10.0782808,56.7965351,27.9535027893869
146801587,10.0783131,56.7964499,27.8022773946836
146801587,10.0783185,56.7963648,27.8481536199098
146801587,10.0782446,56.7963105,27.6921177493554
146801587,10.0780623,56.796243,27.4564863241941
146801587,10.0778317,56.7962019,27.7979429176933
146801587,10.0776868,56.7961842,28.287489468141
146801588,10.0789793,56.7977131,30.345631320345
146801588,10.0789688,56.7978175,30.5460615861343
146801588,10.0788724,56.7980026,30.0111186702609
146801588,10.0788347,56.7981319,30.0839317438699
146801588,10.0788187,56.7982317,29.8556705410115
146801588,10.0788938,56.798311,29.9236577232612
146801588,10.0789903,56.798361,29.7358853316183
146801588,10.0791084,56.7984021,29.434604223743
146801588,10.0791835,56.7984403,29.3129773757511
146801588,10.0792102,56.7984844,29.157969454877
146801588,10.0791727,56.7985255,29.1848557274595
146801588,10.0788401,56.7987194,29.1377667341145
146801588,10.0787812,56.7987781,29.0358293452025
146801588,10.0787436,56.7988163,28.7510745174338
146801588,10.0787222,56.7988692,28.6112496799189
146801588,10.0787222,56.7989426,28.3625272273074
146801588,10.0787436,56.7990102,28.4518584678558
146801588,10.0787919,56.7990777,28.016585651803
146801588,10.0788508,56.7991394,27.7924671430814
146801588,10.0789367,56.7991776,27.5081066048867
146801588,10.0790118,56.7992128,27.7203011444334
146801588,10.0791244,56.7992452,27.6933733753517
146801588,10.0797198,56.7994066,28.1196238307199
146801588,10.0800953,56.7995006,28.3267450521339
146801588,10.080444,56.799583,29.0417898287049
146801588,10.0806801,56.7996388,30.0714161069731
75872856,10.1569443,57.2120727,36.9734476860225
25690293,8.6901193,56.6076007,2.25350399215274
25690293,8.6924421,56.6075125,5.83728860036417
25690293,8.6944446,56.6076007,6.99197660823377
25690293,8.6959665,56.6074905,7.24617435020001
25690293,8.6967674,56.6073142,8.77320049508487
25690295,8.7314305,56.6005079,27.9618607541368
25690295,8.7315872,56.6011867,28.7432712941374
25690295,8.7317643,56.6019541,28.4682658830563
25690295,8.7318845,56.6024752,27.7433392127798
25690295,8.731933,56.6026852,27.3899028693807
25690295,8.7321248,56.6035164,27.1270448776456
25690295,8.7325639,56.605419,27.7607999988572
25690295,8.7326621,56.6063729,27.1672587769365
25690295,8.7327324,56.6121522,21.9398021511043
25690295,8.7328726,56.613541,20.8741901680552
25690295,8.7332702,56.6149412,17.968377630151
25690295,8.7335179,56.6158134,16.2201132242255
25690295,8.7340649,56.6175108,14.5374377615493
25690295,8.7343315,56.618072,13.2832147696
25690295,8.7345654,56.6182467,12.6287653455721
25690299,8.7542087,56.6388329,1.61934252019682
25690299,8.7546688,56.6387767,1.71556801626973
25690299,8.7557011,56.6384063,2.75965604822756
25690299,8.7563746,56.6381595,3.13586665009975
106255904,10.3069605,57.5026824,51.4997777698977
106255904,10.3074067,57.5024298,50.6521893249864
106255904,10.3103248,57.501323,60.0344361763966
106255904,10.3120414,57.5006774,56.3198931127504
106255904,10.31223,57.5006488,55.9215543520448
106255904,10.3128784,57.5005506,56.513935240407
106255904,10.3138654,57.5002854,53.232833452946
106255904,10.3145091,57.5000202,51.7069232222452
106255904,10.3150241,57.4995706,50.6878981203379
106255904,10.3154747,57.4992478,49.4652705626744
121636082,9.6004835,57.1578794,6.21267755260746
121636082,9.6041528,57.1547838,6.17978449082552
121636083,9.6054189,57.1460193,3.57218410504886
121636084,9.6064917,57.138976,2.84164175813945
121636084,9.6067707,57.1383239,2.87125801256568
121636084,9.6069198,57.1382698,2.76001323508051
121636084,9.6072427,57.1382657,3.06327194538768
121636086,9.6135095,57.1491603,4.44213661375528
121636087,9.6026937,57.1406292,2.66722023661358
121636087,9.6055474,57.1409436,2.83942728540281
121636087,9.6058039,57.1410175,2.83007571331877
121636087,9.605718,57.1412154,2.79809868754653
121636088,9.5871798,57.1542018,5.07961471590797
121636088,9.5867506,57.1542251,5.53873023750761
121636088,9.5864715,57.1543764,6.16695597749155
121636088,9.5854418,57.1543764,5.62830135633293
121636088,9.5851198,57.1544463,5.79571615410034
121636088,9.5838955,57.1545317,5.88494238532689
121636088,9.5833163,57.1546831,6.30840702674944
121636088,9.5814721,57.1547954,6.76472772916964
121636088,9.5797125,57.154842,6.75794286869941
121636090,9.6149621,57.1469162,4.2109637895335
121636090,9.6135095,57.1491603,4.45348025129451
121636090,9.6153097,57.1495271,4.46799201381526
121636090,9.6152882,57.1496435,4.39513634491662
121636091,9.5955267,57.1461124,3.23710966495282
121636093,9.6119849,57.1448901,3.73751389101105
121636094,9.6028653,57.1480215,4.68649071894866
131246977,8.8356793,56.7575165,33.7828092679529
131246977,8.835674,56.7575989,33.1701580381867
131246977,8.8356335,56.7576834,32.8423578296895
131246977,8.8354189,56.7576893,32.6632539718279
131246977,8.8351346,56.7576511,32.4901908797046
125830644,10.0120101,56.6563119,24.2007050589028
125830644,10.0118448,56.6562718,23.0389679659429
125830644,10.0117419,56.6562323,21.9801938546205
125830644,10.0117097,56.6561763,21.2496942211977
125830644,10.0117527,56.6560849,20.2810750694344
125830644,10.0118342,56.6560418,19.0318260514714
125830644,10.0120326,56.655968,17.5482836377305
125830644,10.0120638,56.6559021,17.2487538577063
125830644,10.0120701,56.6558502,16.9765711725892
125830644,10.0120326,56.6557646,16.7381958800064
125830644,10.0119897,56.6556703,16.8276647401106
125830645,9.9695346,56.6006224,54.3780381644641
125830645,9.969642,56.6005043,54.251618211882
125830645,9.9699639,56.6004452,54.5830834607536
125830645,9.970393,56.6005279,56.6435327997664
125830645,9.970393,56.6003625,56.0582803021531
125830645,9.9708006,56.6001735,54.5547344167859
125830645,9.9710582,56.6000554,53.9005054434548
125830645,9.9718671,56.5999568,53.7979160174492
125830645,9.9724701,56.6000619,53.7360997579293
125830645,9.9727919,56.6002509,54.3739110930364
125830646,9.980164,56.6078754,55.2221147033037
125830646,9.9794323,56.6077699,55.0763935678777
125830646,9.9784182,56.6076739,54.0641548946448
125830646,9.9773024,56.6075323,53.1947722795285
125830646,9.9762724,56.6073906,53.5154627678735
125830646,9.9758002,56.6072961,54.1409249807426
125830646,9.9742124,56.6068945,56.5109794631307
125830646,9.972925,56.6063277,59.2319688739129
125830646,9.9725843,56.605878,57.9875237999544
125830647,10.0122354,56.6548995,24.7800386032167
125830647,10.0123105,56.654699,25.6803656149236
125830647,10.0123963,56.6546458,25.5900249736243
125830647,10.0126323,56.6545987,25.5571422647502
125830647,10.0140057,56.6545575,28.6566741917325
125830648,9.9669812,56.6105194,47.2698657306531
125830648,9.9676249,56.6094212,41.4899387127697
125830648,9.9672173,56.6071065,43.2866243322453
125830648,9.9673459,56.6061617,51.3692569683844
125830648,9.9674319,56.6060909,51.7848484774504
125830648,9.9676892,56.6060082,52.5451363230552
125830648,9.969084,56.6059254,55.8528496207288
125830648,9.9697278,56.6057838,56.2866137414721
125830648,9.9714014,56.6058783,56.5917640521951
125830648,9.9724314,56.6059019,57.5840271337485
125830649,10.0093172,56.603965,48.4383632004534
125830650,10.0221703,56.6098581,85.1618915554282
125830650,10.0226209,56.6098227,83.2763026811887
125830650,10.0249169,56.609492,82.0217993765521
125830650,10.0264618,56.6091023,82.1604959722041
125830650,10.0271485,56.6088189,79.5807214276527
125830650,10.0279639,56.6084764,79.1646722559222
125830650,10.0287579,56.6082521,77.7628726012036
125830650,10.0294015,56.608134,74.1804827391668
125830650,10.03041,56.6078978,70.1667496736298
125830652,9.9654147,56.6024538,55.0262286140032
125830653,9.970393,56.6005279,56.4054728616242
125830653,9.9706247,56.6008887,58.7248796269138
125830653,9.9706247,56.6011013,59.7018527421102
125830653,9.9706934,56.602087,60.4513685490121
125830653,9.9713113,56.6030384,59.8852622255015
125830654,10.0119187,56.6554393,17.9596541005583
125830654,10.0114307,56.6552416,19.2036240041136
125830654,10.0110338,56.6550823,20.0693942780784
125830654,10.0104394,56.654942,20.9262252173235
125830654,10.0094994,56.6546282,21.175709805184
125830654,10.0088773,56.6544277,20.1500881880445
125830654,10.00818,56.6542036,17.7376819362988
125830654,10.0076176,56.6540868,14.9207321510706
125830654,10.0073753,56.6539028,13.2171429405169
125830654,10.0067422,56.6529238,9.61832675330864
125830654,10.0065598,56.6526525,10.0678888277645
125830654,10.0064525,56.6523163,11.3597535690259
125830654,10.0066027,56.6520804,14.0452849984839
125830654,10.0070964,56.6514905,29.1433010714808
125830654,10.0075148,56.6510306,30.2603177689213
125830654,10.0078687,56.6506531,31.0277318024836
125830654,10.0078366,56.6503995,32.21889656779
125830654,10.0075148,56.6499925,34.7654054622935
125830654,10.0071928,56.6496504,36.5383750362557
125830654,10.0068495,56.6492788,38.7200156335096
125830654,10.0063023,56.648748,41.8113166679463
125830654,10.005967,56.6484342,44.1461845365063
125830654,10.0057553,56.6478868,48.5170143018834
125830654,10.0058839,56.6476509,50.6256727893534
125830654,10.0062488,56.6474149,53.4977698412962
125830654,10.0065276,56.6472968,54.6334745540569
125830654,10.0071714,56.6469784,56.1891056325084
125830654,10.0075792,56.6465773,58.0628031676136
125830654,10.0079224,56.6461998,58.9204671305105
125830654,10.0080726,56.6456925,61.3684922388122
125830655,10.0152395,56.6104722,77.2400092644315
125830655,10.0154969,56.6104013,77.9413238958235
125830655,10.0154969,56.6103305,78.0069352257624
125830655,10.015325,56.6098812,76.9428623257039
125830655,10.0154969,56.6098227,76.7327215748042
125830655,10.0209044,56.6099408,85.639976198756
125830655,10.0212477,56.6099053,85.5907486053434
125830655,10.021548,56.6098227,84.7342626770726
125830655,10.0221703,56.6098581,84.9744985721552
125830656,9.9762359,56.6450123,28.4166542054346
125830656,9.9760749,56.6456052,26.1273505408429
125830656,9.9765041,56.6456376,23.9925387176403
125830656,9.9766222,56.6456553,23.2428034523653
125830656,9.9766757,56.6457231,22.3969679005938
125830657,10.0146815,56.6155378,64.9460085181949
125830657,10.0149391,56.6154079,64.4673128266915
125830657,10.0161193,56.6154669,63.8569724347181
125830657,10.0186083,56.6155732,61.084367037148
125830657,10.0220631,56.6154315,60.5884860638755
125830657,10.0226854,56.6154315,61.1630548167655
125830657,10.0231789,56.6153607,59.5166003314278
125830657,10.0234577,56.6153607,57.9615606021055
91227666,9.8515796,57.0679596,1.46330428634464
91227666,9.8515549,57.0681086,1.49430234544939
91227666,9.8515459,57.0685493,1.76401723812522
91227666,9.8514678,57.0699865,1.68900799330816
91227666,9.8514451,57.070967,1.52034077143196
91227666,9.8514044,57.0711009,1.45449067570537
91227666,9.8513358,57.0711824,1.31331348717865
91227666,9.8512419,57.07129,1.11982404337845
91227666,9.8511174,57.0713343,0.884048931795308
91227666,9.8509904,57.0713619,0.89518524558058
91227666,9.8506956,57.0713785,1.15037470543202
90179269,9.9122694,57.0254074,3.1756710453245
90179269,9.9122475,57.0254663,3.45610562981917
90179269,9.912351,57.0257797,3.66317365511644
90179269,9.9125015,57.0261926,3.60676558796405
90179269,9.912664,57.0266959,3.56549761638072
90179269,9.9126724,57.026722,3.56238699536948
90179269,9.9127405,57.0269364,3.50188155181205
90179269,9.912828,57.0271983,3.27575296480258
90179269,9.9128418,57.027305,3.48496720785417
90179269,9.9129619,57.0280875,3.45865996968567
90179269,9.9129848,57.0282608,3.6481951210928
90179269,9.9130249,57.0285665,3.68323902317379
90179269,9.9130658,57.0289184,3.47198895400016
90179269,9.913118,57.0290871,3.6093383493661
90179269,9.9132087,57.0293908,3.60951708989584
90179269,9.9132758,57.0296325,3.55308727882241
90179269,9.9133112,57.0298652,3.58206097726731
125830869,10.1384109,56.5982916,37.8304151048917
125830869,10.1387713,56.5981891,38.2085189547066
125830869,10.1472686,56.597563,33.2797201912091
125830869,10.1474831,56.5975157,33.371551855631
125830869,10.1475046,56.5972913,33.9288256314326
125830869,10.1476548,56.597185,33.5405951751657
125830869,10.1479338,56.5971377,33.0066513139725
125830870,10.1074173,56.6466552,20.1492203351756
125830871,10.18534,56.5839788,31.2348474807977
125830871,10.184429,56.5853927,31.2937409557135
125830871,10.1822571,56.5872577,29.2647396889394
125830871,10.1787039,56.592082,33.5740971625897
125830871,10.1782748,56.592342,33.8217791473094
125830871,10.1779273,56.5923715,33.0209795956494
125830871,10.1741079,56.5916863,31.6366229541709
125830871,10.1738503,56.591828,31.1354667428055
125830871,10.1661298,56.5985322,32.9093917621287
125830871,10.1637695,56.6005875,35.526323847455
125830871,10.1630856,56.6014571,33.5334514690552
125830872,10.1723226,56.585128,15.8684808216411
125830873,10.1439856,56.6330202,15.1370912151022
125830874,10.1250599,56.6473559,12.807583909268
125830875,10.1611087,56.5927785,31.4374117872873
125830875,10.1588987,56.5924949,36.0635521769977
125830875,10.1586377,56.5909626,37.9231923955691
125830876,10.1441358,56.6342356,14.2703982149872
125830876,10.1441786,56.6340587,14.8505471567216
125830876,10.1443288,56.6339879,15.2820039999161
125830877,10.1738976,56.5877745,28.2032700487395
125830877,10.1738332,56.5876271,27.9011776996533
125830877,10.1733397,56.5876623,26.5802585185387
125830877,10.1729748,56.5877391,26.4636308836136
125830877,10.1728891,56.5877214,26.6595403072462
125830877,10.1724598,56.5873196,26.3019853334696
125830877,10.1716338,56.5868411,26.2690548419411
125830877,10.1712583,56.5866933,26.2892507395023
125830877,10.1711467,56.5865583,25.9222214032704
125830877,10.1709149,56.5863863,25.0937360601145
125830877,10.170417,56.586263,22.8563196896696
125830877,10.1703784,56.5861501,22.2046341491301
125830878,10.1498433,56.6321586,18.1616495202569
125830879,10.1586377,56.5909626,38.027763468843
125830881,10.0663087,56.6642929,53.89002478903
125830881,10.0644634,56.6647175,54.1892792649889
125830881,10.0639912,56.6646703,54.2266643296596
125830882,10.1437279,56.6328904,14.8382742002861
125830882,10.1439856,56.6330202,14.9746542078262
125830882,10.1410458,56.6330376,11.3284970162047
125830883,10.1423762,56.6301404,14.2517566023952
125830885,10.1786611,56.5955554,37.8042648578294
125830886,10.0678537,56.6624062,43.7675576296149
125830886,10.0660513,56.6625949,42.5105736822465
125830886,10.0652788,56.6627364,45.0252655117361
125830887,10.1386641,56.6368673,13.4301246949868
125830887,10.1388356,56.6370915,13.6602313130281
125830887,10.1387455,56.6372396,13.3890264939909
125830887,10.1377842,56.638507,10.2173539792353
125830887,10.1377842,56.6387312,8.80665619928349
125830887,10.1381276,56.6388728,9.31558373055711
125830887,10.1384494,56.639156,8.97605343172384
125830887,10.1389387,56.6392928,9.79465478295093
125830887,10.1395866,56.639333,9.78213051982221
125830887,10.1404019,56.6393684,9.23028273814526
125830887,10.1422046,56.6396634,9.48634143898629
125830887,10.1436636,56.6405365,10.1046962727289
125830887,10.1447967,56.640992,11.1360211139292
125830887,10.1454188,56.6414049,11.5272555532088
125830887,10.1456164,56.6416692,10.8758284845423
125830890,10.1703784,56.5861501,22.4550625456009
125830890,10.1723226,56.585128,15.8722426430622
125830890,10.1731465,56.5861147,25.6630249402861
125830891,10.1522681,56.6326897,19.4194549071939
125830891,10.1520322,56.6326425,19.4685469504693
125830891,10.1519892,56.6325009,19.16632865451
125830891,10.1519205,56.6322477,19.2847679454095
125830891,10.151839,56.6321704,18.9032788946695
125830891,10.1498433,56.6321586,18.3563979401747
125830891,10.1499722,56.6319462,18.060526568323
125830893,10.1373337,56.6038002,29.4909804075032
125830894,10.1362607,56.6436278,11.1937104033784
125830894,10.1364325,56.6433919,11.0884606957829
125830896,10.0681541,56.6612976,38.2670375733868
125830899,10.1321839,56.6445481,12.7968744326273
125830902,10.1050184,56.6471908,20.6904279454536
125830902,10.1063058,56.6470728,22.3541647374767
125830902,10.1069496,56.6470019,21.7435978475873
125830902,10.1073358,56.6468369,21.0718301697222
125830902,10.1074173,56.6466552,20.3664240781979
125830904,10.0611438,56.6786127,26.9257250338006
149948159,9.4923909,56.5953711,35.6845516796118
149948159,9.4929059,56.5953946,36.023320699652
149948159,9.4931525,56.595442,36.1314687537982
149948159,9.4933779,56.5954892,36.0396900511861
149948159,9.493689,56.5955127,35.9380222090915
149948159,9.4943435,56.5955069,35.7229327678006
149948161,9.4992787,56.5997832,37.4732255489939
149948163,9.49341,56.5976569,38.5814128736676
149948163,9.4933886,56.5973556,38.6755072425129
149948163,9.4933992,56.5969304,37.6998695792468
149948163,9.4933565,56.5967769,37.4986948202614
149948163,9.4933565,56.5966764,37.1567190935063
149948163,9.4933886,56.5966056,37.030231569613
149948163,9.4934959,56.5965583,36.9013480596234
149948163,9.4936246,56.5965347,36.9592306450186
149948163,9.4937427,56.5965288,37.2548257520468
149948167,9.5129365,56.6361174,40.9771390238165
149948167,9.5126361,56.6356395,37.0045449891636
149948167,9.509632,56.6349255,37.4129756383579
149948167,9.5085592,56.6346541,38.0265073215615
149948167,9.5083982,56.6345892,37.9790228256883
149948167,9.508291,56.634542,38.3294073671402
149948167,9.5081323,56.634505,38.6233200028824
149948167,9.5078081,56.6344712,37.9629356880728
149948167,9.5071645,56.6342942,36.814737145343
153093940,10.1855629,57.5353036,21.0451753839289
153093940,10.1856946,57.5339672,21.5613091013472
153093941,10.1635392,57.526395,22.9761194471966
153093941,10.1632825,57.5278753,23.3877219432922
153093942,10.1790954,57.5309762,20.6765745932515
153093942,10.179135,57.5314358,20.8704380630028
153093942,10.1790822,57.5325248,21.2452616849118
153093944,10.183113,57.5352965,22.0434726243038
153093944,10.1826123,57.5352824,21.650270412807
153093944,10.1823753,57.535254,21.5368730697876
153093944,10.1822567,57.5351834,21.4397229078371
153093944,10.1822173,57.5350349,21.5466114905113
153093947,10.1848471,57.5264801,16.4715460624496
153093947,10.1855097,57.526212,17.665967642835
153093947,10.185841,57.5260926,18.7049450380851
153093947,10.1860497,57.5260122,19.3716350332325
153093947,10.1861406,57.5259659,19.6797176003454
153093947,10.1862359,57.5259024,20.0023890881392
153093947,10.1862269,57.5257831,20.170241521064
153093947,10.1861588,57.5252177,20.9922353827407
153093947,10.1861814,57.5250885,21.2142399641208
153093947,10.1862359,57.5250374,21.4578758876659
153093947,10.1865081,57.5249277,21.6656157357101
153093947,10.1866671,57.5248863,21.7245913665814
153093952,10.1882121,57.5256481,17.9987389909099
153093952,10.1879616,57.5254758,18.7055018636948
153093952,10.1877498,57.5253034,19.2388131705614
153093952,10.1874995,57.5251036,19.6387102349372
146802498,10.0612878,56.8017008,34.9555294024151
146802498,10.0608372,56.8026583,34.8564680247532
153093955,10.1782665,57.5211341,22.5549703608182
153093955,10.1783118,57.5210512,22.7535408210137
153093955,10.1782846,57.5209244,22.8780008236156
153093955,10.1780305,57.5203736,23.3152687461217
153093955,10.1780122,57.5202908,23.0920734960922
153093956,10.1779307,57.5191013,23.7871883404593
153093956,10.1779307,57.5191891,23.7132761815893
153093956,10.1778308,57.5194962,23.4482259715906
153093956,10.1776674,57.5197448,23.0998100309025
153093956,10.1774677,57.5199836,23.1504058214236
153093956,10.1773496,57.5201201,23.3047224290588
153093956,10.1773496,57.5201786,23.1117440708954
146802501,10.0621457,56.8005319,35.0723656851586
146802501,10.0614688,56.8004302,35.2531329210251
153093959,10.1764962,57.522109,22.4764255807297
153093959,10.1766416,57.5220944,22.1793494740793
153093959,10.1767051,57.5220505,22.1636150348548
153093959,10.1767415,57.5219432,22.1599652497155
153093959,10.1769049,57.5206612,22.7740836642573
153093959,10.1769775,57.5204711,22.9960338549056
153093959,10.1770774,57.5203493,23.1235545890031
153093959,10.1772498,57.5202859,23.0570819173197
153093961,10.217149,57.5371806,23.5146254967618
153093961,10.2171304,57.5373106,23.5262580753893
153093961,10.2172048,57.5374356,23.2765609524449
153093962,10.1897386,57.5271432,18.1426014583721
153093962,10.1909109,57.5281122,18.8471833272053
153093962,10.1911084,57.5283526,19.9460869575165
153093962,10.1913587,57.5284728,20.7852015106064
153093962,10.191609,57.5284728,20.7330922147836
153093962,10.191925,57.528395,21.3790364596516
153093962,10.1922017,57.5282536,21.3144528412894
153093962,10.192531,57.5281475,21.6792091665017
153093962,10.1930579,57.5281122,22.6657982758456
153093962,10.1949061,57.5280825,23.6312541174485
153093962,10.1957319,57.5280627,24.2638794453626
153093962,10.1965484,57.5280627,23.0704341373394
153093962,10.1965089,57.5273979,23.6500718241123
153093962,10.1964959,57.5269665,22.8407021487059
153093962,10.1964299,57.5267614,22.4737773927285
153093962,10.1962322,57.5265987,22.4549328029494
153093962,10.1959689,57.5264927,22.8997928357995
153093964,10.2058612,57.5163354,23.5197928340856
153093964,10.2055978,57.5164063,23.1025395241611
153093964,10.2050445,57.5164063,22.8579242159241
153093964,10.2039907,57.5163001,22.0347231609999
153093964,10.2030028,57.5162364,23.0460531638772
153093965,10.2012773,57.5203534,24.2872584214493
153093965,10.2010139,57.520311,24.1624672588572
153093965,10.2007635,57.5201554,23.9425496872356
153093965,10.1999337,57.5193349,24.3447176276035
153093965,10.1996967,57.5192146,23.6273510258217
153093966,10.2154062,57.5223399,25.2359636923605
153093968,10.2299476,57.5449769,21.7908361946563
153093968,10.2293665,57.5450331,21.5548199309802
153093968,10.2291941,57.5450494,21.7823464894153
153093968,10.2290286,57.5450966,21.6388026036578
153093968,10.2289172,57.5451709,21.4314912675354
153093968,10.2289172,57.5452687,21.7696172469513
153093968,10.229157,57.5460195,21.6824640641361
153093968,10.2292718,57.5464474,21.3867081644755
153093968,10.2293299,57.5466418,21.538185859631
153093968,10.2294543,57.5470584,21.4438337447252
153093968,10.2296132,57.5475932,21.2675185378325
153093970,10.2287288,57.5461122,21.2939632636909
153093970,10.2288167,57.5462535,21.0941844454478
153093970,10.2290464,57.5463588,21.41261034826
153093971,10.1587787,57.5177246,25.2955320973275
153093972,10.1532503,57.5158818,26.7112346197502
153093978,10.2422166,57.5382525,22.6353037504728
153093978,10.2425345,57.5379298,22.1908980784753
153093978,10.2426136,57.5378538,21.9838441565473
153093978,10.242709,57.5377831,22.3130485252282
153093978,10.2428902,57.5377283,22.0774484660547
153093978,10.2431076,57.5377477,22.0092860566138
153093978,10.243934,57.5379722,21.9853852607417
153093978,10.2484312,57.5391807,22.0811385560821
153093982,10.206984,57.5400381,19.0239097437583
153093984,10.2069465,57.540533,19.0061154146337
153093984,10.2071965,57.5404683,19.2502582896012
153093985,10.2065382,57.5399137,18.7172355161362
153093985,10.2067775,57.5398684,18.4941152547451
153093985,10.2068519,57.5398485,18.7206500972797
153093985,10.2068983,57.539915,18.9032404579616
153093985,10.206984,57.5400381,18.9099737081373
153093985,10.2071547,57.5402834,19.2788048170199
153093985,10.2070661,57.5403033,18.9237579745667
90179531,9.915457,57.0286584,3.15292367772437
90179532,9.91547,57.0282833,2.75427445133298
103459836,8.7494507,56.8349051,20.1089386622289
103459836,8.7488377,56.834993,19.8879539378007
103459836,8.7486229,56.8350143,19.5258393236247
103459836,8.7477315,56.8351027,17.8279157269507
103459836,8.7476261,56.8351131,17.4655419591039
103459836,8.7473464,56.8351787,17.3459738519698
103459836,8.7464876,56.8360491,17.8532069635489
103459836,8.746248,56.8362749,17.800334052195
103459836,8.7459484,56.8364352,18.339914857623
103459836,8.7441576,56.8370069,24.2057375073605
103459836,8.7437314,56.8371125,24.409295796227
103459836,8.7425245,56.8372952,25.0956092854288
103459836,8.741854,56.8373966,25.4192076914909
103459836,8.7413015,56.8374985,26.2303231785813
103459836,8.7404892,56.8376734,26.3154330103228
103459836,8.7399433,56.8377644,26.0988831750704
103459836,8.7393574,56.8378336,26.1685417016391
103459836,8.7381017,56.8380801,26.6563691848243
103459836,8.736315,56.8384308,26.3853256641929
103459836,8.7346548,56.8387438,26.0182362074123
103459836,8.7342511,56.8388071,25.4911623451096
103459836,8.7338767,56.8388435,25.3863420761519
103459836,8.7337185,56.8388025,25.4447226099064
103459836,8.7336769,56.8386386,25.4086228090552
103459836,8.7334606,56.8379467,26.602310556905
103459836,8.7332277,56.8369862,26.7838198718624
103459836,8.7327367,56.8351516,25.3969210734934
103459836,8.732645,56.8347464,24.9484203429549
103459836,8.7325619,56.8342046,24.4466028621743
133171313,8.6802072,56.9954992,26.1920352735749
133171313,8.6779481,56.99548,29.3968593808325
133171313,8.6775427,56.9953677,30.0813107281881
133171314,8.6748348,57.0014212,29.3249896174523
133171314,8.676547,57.0009744,26.1213610925638
133171314,8.6773,57.0008028,25.3084236100929
133171314,8.6782872,57.0004761,23.9066630374737
133171314,8.6786835,57.0003449,23.4043275175788
133171314,8.6796469,56.9996391,21.9894013930839
133171314,8.6800497,56.9988092,21.8062722822102
133171314,8.6801008,56.9985684,21.6716492082207
133171314,8.6801557,56.9983097,21.6450234643988
133171314,8.6801568,56.9982061,21.2273301859445
133171314,8.6801757,56.9963914,24.7753401955067
133171314,8.6802072,56.9959285,25.2905811674278
133171314,8.6802072,56.9954992,26.3710975793769
133171314,8.6802072,56.9954479,26.2487980344238
133171314,8.6802072,56.9947837,27.1748607942564
133171314,8.6806626,56.9938011,27.5552343431192
42993792,8.4931132,57.0399633,7.90963917985986
42993792,8.4930932,57.0398969,7.81505878275848
42993792,8.4932762,57.0395328,8.35213665875018
42993792,8.4933746,57.0392048,9.06929784018207
42993792,8.4934561,57.0388635,9.6265065528806
42993792,8.4935201,57.0385521,9.77515691090244
42993792,8.493561,57.0383121,10.2935304412327
42993792,8.4936964,57.0374783,10.8268936214536
42993792,8.4936836,57.0372732,10.8820149761171
42993792,8.4936277,57.037152,11.1775138830156
42993792,8.4935438,57.0370339,11.7416344729602
42993792,8.4931749,57.0366388,11.9069139807113
42993792,8.492472,57.0359067,11.8402832779089
42993792,8.4917543,57.0351189,12.7647624162275
42993792,8.4915196,57.0348166,12.6899469575722
42993792,8.4900174,57.0330753,13.5605665478309
42993792,8.4896332,57.0326969,13.6411329220785
42993792,8.4874558,57.0312891,14.7241539756147
42993792,8.4871411,57.0309633,15.0675267699716
42993792,8.486965,57.0305939,15.4190671528016
42993792,8.4869813,57.030216,15.722470773716
42993792,8.4873461,57.0296614,16.3195101260365
42993793,8.4933746,57.0392048,9.00015802297547
42993793,8.491552,57.0395296,9.30321121952894
42993793,8.4913291,57.0395207,9.37870297405889
42993794,8.5255461,57.0361463,14.7969557664966
42993794,8.524074,57.0338932,13.4719203711281
42993795,8.5227522,57.0340884,13.4491620874047
42993795,8.5219112,57.032962,13.1379383511321
42993795,8.5222716,57.0326916,13.486264863025
42993795,8.5225119,57.0320608,13.4083721172571
42993795,8.5224109,57.0316803,13.7190478934858
42993795,8.5222566,57.0310995,14.0848111429135
42993795,8.521806,57.0307239,14.3745202067245
42993795,8.5214005,57.0297777,14.6627011976104
42993795,8.5217009,57.0289966,14.6359355158026
42993795,8.5216708,57.0284859,14.8402001364474
42993795,8.5216107,57.0278851,15.3321410795796
42993795,8.5211601,57.0276297,15.0083246707252
42993795,8.5170027,57.0268351,15.8267787038026
42993795,8.5120079,57.025392,16.4337102545548
42993796,8.5211601,57.0276297,14.8376196368962
42993796,8.5228874,57.0276748,15.2409110485619
42993796,8.5238487,57.0273444,15.1715960302374
42993796,8.5247349,57.0266534,15.11552877657
42993796,8.5252906,57.026308,14.9822314368227
42993796,8.5255009,57.0259625,14.6113023108741
42993796,8.5296015,57.0238746,15.6612508149151